TOFU	AM	RM	AdjRM
0	0.18	0.18	0.75
1	0.246716942336877	0.227829412723523	0.759092637801664
2	0.305889561970733	0.280259062100416	0.767001255318801
3	0.358370967618092	0.334473381217639	0.77397146486252
4	0.404917798834377	0.387270774487885	0.780199930354911
5	0.446201134704524	0.435791194236435	0.785842561768957
6	0.482816168983617	0.4780865417655	0.79102204234022
7	0.515290791176843	0.513318452806611	0.795834373772826
8	0.544093197274684	0.541602922645054	0.800354369994555
9	0.569638639869486	0.563675874690881	0.804640158778311
10	0.592295414971801	0.580555756972264	0.808736808365284
11	0.612390171840148	0.593297320464025	0.812679213613465
12	0.630212622377548	0.602852276463794	0.816494372319811
13	0.646019717991549	0.610012559984881	0.820203168635855
14	0.660039354136748	0.615403842992009	0.823821763347246
15	0.672473655949264	0.619503622165037	0.82736267360476
16	0.683501892343093	0.622667812538512	0.830835609081564
17	0.693283060581729	0.625157424718104	0.834248118094862
18	0.701958178587543	0.627161725702082	0.837606086049701
19	0.709652318037833	0.628816890806197	0.840914119465342
20	0.716476407559247	0.630220370236278	0.844175841555742
21	0.722528832017776	0.631441647165697	0.847394119559682
22	0.727896850961732	0.632530145570246	0.850571239475363
23	0.732657856667812	0.63352097076604	0.853709040305519
24	0.736880489927861	0.634439041177171	0.856809017157825
25	0.74062562966296	0.635302044681933	0.859872400403761
26	0.743947270632381	0.636122545257068	0.862900216442383
27	0.746893301891598	0.636909479834629	0.865893334336102
28	0.749506197222604	0.637669219739629	0.868852501599237
29	0.751823627490677	0.638406322301298	0.871778371660413
30	0.753879003756097	0.639124062543062	0.874671524935288
31	0.755701958971042	0.639824809035798	0.877532484996605
32	0.757318775206397	0.640510289458557	0.880361730983053
33	0.758752762567949	0.641181778167382	0.883159707123021
34	0.760024595264904	0.641840228646794	0.885926830045519
35	0.761152609675918	0.642486367026534	0.888663494394011
36	0.762153068709958	0.643120758103464	0.891370077138849
37	0.763040396273347	0.643743851951651	0.894046940891762
38	0.763827385223378	0.644356016829574	0.896694436455162
39	0.764525381806632	0.644957562415601	0.899312904784751
40	0.765144449241078	0.645548756217547	0.901902678502302
41	0.765693512800395	0.646129835165065	0.904464083063533
42	0.766180488492209	0.646701013802622	0.906997437661556
43	0.766612397185464	0.647262490083584	0.909503055927561
44	0.766995465832307	0.64781444947147	0.911981246476015
45	0.767335217243859	0.648357067846589	0.914432313330637
46	0.767636549714167	0.648890513569628	0.916856556258903
47	0.767903807640329	0.649414948950215	0.91925427103639
48	0.768140844156918	0.649930531295508	0.921625749657277
49	0.768351076687728	0.65043741366226	0.923971280503492
50	0.768537536215767	0.650935745399508	0.926291148482111
51	0.768702910981805	0.651425672543349	0.928585635138331
52	0.768849585241521	0.651907338107167	0.930855018749666
53	0.768979673640004	0.652380882297913	0.933099574405661
54	0.769095051699199	0.65284644268003	0.93531957407644
55	0.769197382857847	0.653304154302253	0.937515286672616
56	0.769288142453765	0.653754149798034	0.939686978098506
57	0.769368638994213	0.654196559467177	0.941834911300136
58	0.769440033021021	0.654631511344037	0.943959346309181
59	0.769503353842457	0.655059131256068	0.946060540283709
60	0.769559514373058	0.655479542875379	0.948138747546404
61	0.769609324295385	0.655892867765194	0.950194219620774
62	0.769653501733448	0.656299225422539	0.952227205265759
63	0.769692683606108	0.656698733318109	0.954237950509009
64	0.769727434809719	0.657091506933979	0.956226698679101
65	0.769758256362402	0.657477659799627	0.958193690436847
66	0.769785592627368	0.657857303526616	0.960139163805844
67	0.76980983771943	0.658230547842168	0.96206335420237
68	0.76983134118707	0.658597500621808	0.963966494464707
69	0.76985041305198	0.658958267921195	0.965848814881956
70	0.769867328278734	0.659312954007232	0.96771054322239
71	0.769882330739035	0.659661661388534	0.969551904761397
72	0.769895636727677	0.660004490845275	0.971373122309016
73	0.769907438080934	0.660341541458481	0.973174416237125
74	0.769917904942319	0.66067291063878	0.974956004506273
75	0.769927188215589	0.660998694154632	0.976718102692177
76	0.769935421740372	0.661318986160065	0.978460924011913
77	0.769942724221768	0.661633879221929	0.980184679349784
78	0.769949200941757	0.66194346434667	0.981889577282902
79	0.769954945277079	0.662247831006659	0.983575824106463
80	0.76996004004547	0.662547067166059	0.985243623858749
81	0.769964558699677	0.662841259306259	0.986893178345836
82	0.76996856638644	0.663130492450876	0.988524687166041
83	0.769972120885734	0.66341485019033	0.99013834773408
84	0.7699752734438	0.663694414706006	0.991734355304975
85	0.769978069511976	0.66396926679401	0.99331290299768
86	0.769980549401985	0.664239485888517	0.994874181818466
87	0.769982748867114	0.664505150084733	0.996418380684028
88	0.769984699617687	0.664766336161467	0.997945686444356
89	0.769986429778237	0.665023119603313	0.999456283905342
90	0.769987964292987	0.665275574622478	1.00095035585115
91	0.76998932528548	0.665523774180221	1.00242808306632
92	0.769990532377536	0.665767790007942	1.00388964435766
93	0.76999160297215	0.666007692627915	1.00533521657589
94	0.769992552504392	0.666243551373667	1.00676497463702
95	0.769993394663943	0.666475434410018	1.00817909154352
96	0.76999414159246	0.666703408752781	1.00957773840527
97	0.769994804058626	0.666927540288126	1.01096108446025
98	0.769995391613407	0.667147893791627	1.01232929709502
99	0.769995912727751	0.667364532946982	1.01368254186498
100	0.769996374914712	0.667577520364413	1.01502098251441
101	0.769996784837773	0.667786917598767	1.01634478099625
102	0.769997148406913	0.667992785167302	1.01765409749174
103	0.769997470863814	0.668195182567179	1.01894909042977
104	0.76999775685743	0.668394168292654	1.02022991650607
105	0.769998010511012	0.668589799851987	1.02149673070216
106	0.769998235481558	0.668782133784061	1.02274968630409
107	0.769998435012533	0.66897122567472	1.02398893492104
108	0.769998611980632	0.669157130172838	1.02521462650358
109	0.769998768937256	0.669339901006107	1.02642690936191
110	0.769998908145293	0.669519590996571	1.02762593018372
111	0.769999031611747	0.669696252075888	1.028811834052
112	0.769999141116668	0.669869935300339	1.02998476446255
113	0.76999923823882	0.670040690865585	1.0311448633414
114	0.769999324378441	0.670208568121174	1.03229227106193
115	0.769999400777432	0.670373615584799	1.03342712646186
116	0.769999468537258	0.670535880956327	1.03454956686008
117	0.769999528634833	0.67069541113158	1.03565972807325
118	0.7699995819366	0.670852252215889	1.03675774443224
119	0.769999629211027	0.671006449537418	1.03784374879837
120	0.769999671139682	0.671158047660267	1.03891787257947
121	0.769999708327063	0.671307090397349	1.03998024574585
122	0.769999741309312	0.671453620823051	1.04103099684596
123	0.769999770561942	0.671597681285687	1.04207025302195
124	0.769999796506697	0.671739313419734	1.0430981400251
125	0.769999819517631	0.671878558157863	1.04411478223098
126	0.769999839926498	0.672015455742773	1.04512030265454
127	0.76999985802754	0.67215004573882	1.04611482296499
128	0.769999874081724	0.672282367043448	1.04709846350049
129	0.769999888320507	0.672412457898435	1.04807134328274
130	0.769999900949176	0.672540355900945	1.04903358003139
131	0.7699999121498	0.67266609801439	1.04998529017826
132	0.769999922083862	0.672789720579116	1.05092658888143
133	0.769999930894585	0.672911259322905	1.0518575900392
134	0.769999938708995	0.6730307493713	1.05277840630385
135	0.769999945639755	0.673148225257755	1.05368914909526
136	0.769999951786788	0.673263720933621	1.05458992861443
137	0.769999957238717	0.673377269777951	1.05548085385677
138	0.769999962074144	0.673488904607152	1.05636203262533
139	0.769999966362783	0.673598657684466	1.05723357154381
140	0.769999970166465	0.673706560729297	1.05809557606949
141	0.769999973540028	0.673812644926375	1.05894815050596
142	0.76999997653211	0.673916940934771	1.05979139801577
143	0.769999979185849	0.674019478896759	1.06062542063291
144	0.769999981539504	0.674120288446523	1.06145031927511
145	0.769999983627009	0.674219398718724	1.06226619375613
146	0.76999998547846	0.674316838356921	1.06307314279778
147	0.769999987120549	0.674412635521848	1.06387126404187
148	0.769999988576952	0.674506817899551	1.06466065406204
149	0.769999989868665	0.674599412709394	1.06544140837546
150	0.769999991014312	0.674690446711922	1.06621362145434
151	0.76999999203041	0.674779946216593	1.06697738673741
152	0.769999992931607	0.674867937089389	1.06773279664121
153	0.769999993730898	0.674954444760284	1.06847994257124
154	0.769999994439805	0.675039494230596	1.06921891493309
155	0.76999999506855	0.675123110080216	1.06994980314331
156	0.769999995626196	0.675205316474704	1.07067269564026
157	0.769999996120784	0.675286137172283	1.07138767989482
158	0.769999996559444	0.675365595530694	1.07209484242095
159	0.769999996948501	0.675443714513958	1.07279426878619
160	0.769999997293563	0.675520516699005	1.07348604362197
161	0.769999997599606	0.675596024282199	1.0741702506339
162	0.769999997871041	0.675670259085758	1.07484697261186
163	0.769999998111783	0.675743242564058	1.07551629144004
164	0.769999998325302	0.675814995809831	1.07617828810682
165	0.769999998514676	0.675885539560264	1.07683304271462
166	0.769999998682636	0.675954894202994	1.07748063448954
167	0.769999998831603	0.676023079781993	1.07812114179097
168	0.769999998963725	0.67609011600337	1.07875464212109
169	0.769999999080906	0.676156022241058	1.07938121213419
170	0.769999999184837	0.676220817542419	1.08000092764603
171	0.769999999277015	0.676284520633746	1.08061386364293
172	0.76999999935877	0.676347149925676	1.08122009429089
173	0.76999999943128	0.676408723518511	1.08181969294456
174	0.769999999495591	0.676469259207446	1.08241273215612
175	0.769999999552629	0.676528774487717	1.08299928368403
176	0.769999999603218	0.676587286559656	1.08357941850174
177	0.769999999648086	0.676644812333657	1.08415320680627
178	0.76999999968788	0.67670136843507	1.08472071802671
179	0.769999999723174	0.676756971209002	1.0852820208326
180	0.769999999754478	0.676811636725041	1.08583718314228
181	0.769999999782241	0.676865380781902	1.08638627213105
182	0.769999999806865	0.676918218911992	1.08692935423936
183	0.769999999828705	0.676970166385897	1.0874664951808
184	0.769999999848075	0.6770212382168	1.08799775995008
185	0.769999999865254	0.677071449164815	1.08852321283089
186	0.769999999880491	0.677120813741256	1.08904291740367
187	0.769999999894005	0.677169346212828	1.0895569365533
188	0.769999999905991	0.677217060605754	1.09006533247673
189	0.769999999916622	0.677263970709825	1.09056816669049
190	0.76999999992605	0.677310090082389	1.09106550003813
191	0.769999999934412	0.677355432052264	1.09155739269758
192	0.769999999941829	0.677400009723595	1.09204390418847
193	0.769999999948407	0.67744383597964	1.09252509337928
194	0.769999999954241	0.677486923486493	1.09300101849449
195	0.769999999959415	0.677529284696741	1.09347173712161
196	0.769999999964005	0.67757093185307	1.09393730621817
197	0.769999999968075	0.677611876991798	1.09439778211861
198	0.769999999971685	0.677652131946355	1.09485322054106
199	0.769999999974887	0.677691708350703	1.09530367659414
200	0.769999999977727	0.677730617642698	1.09574920478358
201	0.769999999980245	0.677768871067396	1.09618985901882
202	0.769999999982479	0.677806479680305	1.09662569261957
203	0.76999999998446	0.677843454350573	1.09705675832223
204	0.769999999986218	0.677879805764139	1.09748310828628
